accuracy: 0.803333333333
precision: 0.907142857143
recall: 0.547413793103
