accuracy: 0.908333333333
precision: 0.883116883117
recall: 0.879310344828
